# Makstore: the user's explicit delete order of 2026-10-10 ("Delete from makstore, sheet+OnBuy") - pasted list, one SKU per line
202328903616
202450130409
203307839865
203358958539
203680538997
203806965300
203904936622
203943067745
204006638384
204046344603
204308134256
207641203085
207734732720
207878742609
207914611890
208109356657
208288375159
208314454872
208591480281
208594955427
208657859693
208668047812
208683204184
208685941872
208715634064
208734242851
208757769816
208761354060
208782219171
208813224389
212047221755
212084139594
212130789797
212143051607
212183745535
212240850783
212277374481
212290422763
212295227363
212337218373
212361276363
212377970170
212503880182
212585214738
212649946766
212666307984
212752083815
212802415986
218854488220
218878227669
218884737015
218945808289
219112043144
219197125216
219209413034
219220469607
219558029634
219801968895
219835604257
219848633374
219899274076
219935446382
219953726787
219992178752
219993411476
220142213377
220203639887
220304219278
220393967036
220483171923
220496106356
220499340252
220528398254
220533739301
220577258202
220638513813
220659039071
220671933937
220876918876
220985114602
229531886338
229904792716
230065329376
232384033262
232775530936
233178648273
233380405664
233855076511
234765139143
234991036667
235053782560
235054030882
235058667190
235069732269
235093214878
235109908890
235139235140
235139345351
235240103857
237445723304
237466086624
237499382953
237538413983
237548992386
237587012229
237615963004
237684977704
237710657792
237820264316
237982198788
237992570680
238143635685
238367758696
238395316035
238563763203
397694235482
398485674275
398500760167
398519405332
398722130663
398777303913
399175766379
399819398713
403423117469
403488251351
407058101596
407105053236
407107859607
407109578056
407122272313
407134045622
407207635224
407213235302
407222991534
407233503214
407314197646
407455983382
407522666934
407584331702
407649899239
407817255140
407818846071
407832579474
407911082192
407956660263
407965936595
408078257690
408080871570
408135379631
408180310443
408218493599
408383686994
408419309811
408420655716
408434209615
408436537709
408446428257
408496603741
408529610609
408530191555
408798384553
408857634360
409046243738
409099567232
409103896099
409315518963
409434819149
409435504129
409441263249
409494795148
409528558619
409578228319
409738199404
409821513834
409843420714
409845716051
409870511522
409936549926
409956119475
409983055197
410066921612
410103751127
410186184744
410368668376
410524580795
410548438614
410618151900
410622756672
410628253359
410697056172
410734262221
410940557197
411056702396
411132716620
411360995101
411429374694
411583757852
411786838594
411798620255
412107988318
412172418208
412291157019
412415352146
412435002878
412445760799
412573821904
412662402557
412670023423
412999725251
413006662675
413085238815
413221843293
413296705205
413355153213
413440971982
413489884946
413500861857
413607536825
413635366265
413740756708
413969765581
414015065587
414031442898
414183666845
414278313388
414313911043
414415772856
414506300876
414846606140
415071989862
415079484574
415148175099
415301735986
415340158241
415372706748
415470703588
415506556645
415512102003
415512708373
415553225198
415666180889
415715615638
415741227348
415749696382
415759892903
415800598068
415804777445
415968598931
415997127881
416013714436
424339760365
428013060703
428763173890
428794028374
428828484398
428886887148
429018381855
429026157534
429086866261
429170333778
429751032410
429793822833
429856466271
429918194104
429930786325
429975793623
430045941707
430124314255
430167283402
430255240850
430275348338
430445071639
430459619797
430556500707
430614171122
430705235696
430720595096
430761555486
430811354861
430824783146
431021359585
431093230355
431210484302
431226734606
431268251154
431409508246
431509265780
431514200417
431526730896
431527558727
431540330324
431590435802
431590600231
431644009072
431760885369
431793959235
431969076476
431990033516
432047293617
432187748855
432261475745
432283000772
432335600677
432442646223
432576396117
432602432444
432839195075
432846139680
432851934935
432862315044
432878310163
433219906137
433284672500
433308991747
433398747378
433564017458
433592818256
433594284929
433694780680
433800913773
433999144453
434048257032
434299653379
434313632540
434457108505
434474487072
434631556733
434870454586
434906582016
434911304016
434912735017
435006342128
5665433455434-hhh-29
0701160658611-hhh-20
5060500952723-hhh-10
0711447224873-hhh-14
0502319229412-hhh-16
0398765456423-hhh-9
979767655344-hhh-80
1123456789752-hhh-50
0800252405871-hhh-60
5038061140941-hhh-17
447557341161
448057726106
448274140990
448741120913
448798709796
449656009782
449671179705
449799772932
449959319304
450008769339
450367762477
452049300793
452747407732
453341784458
455364517761
455918862132
455926309087
478176424416
478574058336
478577262709
478628242698
479085608508
479182658895
479804233738
480373283086
480419930851
480695433633
480950216735
481305798340
481331751098
486116870155
488718813431
212270444068
212280132795
212377949268
212426495418
212475456170
212498540092
212615005930
212701954500
212830591133
212832390765
212834173205
398234181689
411257592765
413631555618
416879930957
478321807224
478334451339
478484249787
478690741419
479152590651
479166061420
479223843570
479329215707
479388307221
479388753615
479397713969
479414582394
479504497669
479524644579
479536082451
479542133802
479555134421
479585981262
479674474439
479680221263
479693368658
479728167171
479748829523
479758674564
479789854812
479805512887
479816895443
479865496073
479865633232
479868075695
479872020278
479888776244
479956285609
479958602763
479969632889
480008962997
480084215468
480088010588
480103189480
480118047706
480121229571
480130207102
480140395325
480159823413
480171510124
480172675518
480183805263
480206801043
480216261530
480298272806
480344115651
480360911282
480430426999
480440130336
480511920583
480516044581
480540996498
480565563934
480578787778
480585243038
480586587964
480595434914
480599590524
480611319294
480627689466
480631754471
480635065269
480648560546
480649729072
480673305860
480681005691
480724464577
480725442253
480730258351
480791712090
480804712710
480838062485
480883381616
480945397494
480945812805
480994302661
481003353438
481072770112
481075505933
481099058408
481130993736
481153833255
481156336265
481163366538
481170451319
481183875003
481220118148
481267097574
481272252555
481280532960
481282110296
481283954516
481311693165
481338351901
481454574086
481481646503
481493644160
481509550973
481537636625
481579589125
481580964959
481586616517
481595273473
481600548510
481604276761
481608404955
481632704137
481651020379
481661199485
481721589782
481736672127
481778985858
481779291910
481811755370
481835226825
481866975167
481896612605
481931180274
481945731172
481999898531
482056983177
482057970466
482079239282
482080279864
482088585585
482098890839
482104709537
482569434562
482573916054
482616750706
482621649583
482645794412
482685183542
482694196472
482709272115
482714012713
482722109504
482731002100
482737372573
482744521193
482748679326
482769546768
482809610367
482834379772
406582071047
406654632534
406803792218
406814483129
406889599657
407002668830
407055391228
407059608339
411229410608
411232821705
420678635197
420774311872
420917026946
421132126909
421215383151
421255090651
421274440543
421738734584
422038253232
422043827329
422062436540
422324796115
422568895025
422649821462
422759948271
423174865402
423193913283
423230716624
423231888924
423260283769
423442247664
423709865648
423735227373
423763672374
424040284075
424239131746
424246257101
424396517988
424504402779
424943383325
425892514839
426135605413
428291469595
0942776119060-hhh-46
0754449974360-hhh-14
45568677546788-hhh-90
447462839852
447680833366
447743619418
447873230446
447895555343
448053066923
448064040776
448811552866
450130952418
450150261019
450230698636
450268467693
450276726669
450290524654
450370301441
450386751568
450404242733
450428514618
450491205697
450516538700
450523553383
450593235707
450611279683
450620276864
450654793085
450677866469
450688068630
450712617810
450720769266
450725736669
450735735157
450809128038
450830700036
450845171517
450875747003
450898606295
450923533039
450924042455
450988535122
450990543467
451018976212
451158032458
451189603252
451228487935
451250099762
451267319259
451317904695
451370016250
451393298732
451395141791
451400177326
451494330157
451503643421
451517574773
451597316461
451629623079
451671534316
451679637224
451758611961
451772495639
451781444352
451838202256
451841520019
451894096387
451984394447
452038059244
452098670663
452104267542
452121985351
452163070565
452191676753
452234767042
452264735295
452292246220
452320710457
452469087755
452531056122
452532890480
452543448861
452572069891
452594180697
452622098314
452633993219
452678135445
452690643904
452712286522
452745404986
452748632324
452759495260
452761774704
452770096118
452781878345
452815854130
452864379080
452895953204
452917687681
452918350829
452923506204
452965357758
453043966527
453072180451
453105652252
453106768853
453132465382
453135608823
453143930749
453171714113
453216746765
453230818837
453291328078
453360894930
453396795546
453447948006
453477269164
453510018575
453525732220
453534427278
453561185783
453605548918
453621135857
453622156103
453630723120
453657890294
453664132110
453671262299
453691054560
453700585962
453745678810
453767964779
453931187683
453933403521
453950874069
453961171522
453987593469
454090921033
454228704309
454314017696
454353020480
454363237816
454397247904
454420419117
454455393093
454482740761
454494387718
454500796435
454584160061
454625209056
454678190257
454745575673
454761417278
454826405851
454867293509
454883910060
454890889922
454895313835
454913159957
454915857714
454957108317
454969790227
454994151789
455032757369
455036061608
455038296961
455058204861
455068235916
455095297307
455137433670
455175115330
455176916431
455179038710
455191347647
455262860600
455265163203
455279409199
455281687325
455318959166
455327294463
455333096709
455340635748
455354453581
455390101422
455458045217
455518382061
455524552908
455566020137
455569536505
455575208328
455575747094
455606463474
455650095751
455669286195
455677651862
455721468835
455734531595
455737027415
455761644077
455770031158
455781192800
455813164393
455818519013
455823908857
455847655294
455890117640
455922965669
455927152194
455944063442
456062944514
456085427582
456099433876
456134982857
456135245111
456152042335
456161388752
456164713117
456174754063
456209626792
456229233260
456251608623
456285884918
456301059283
456313768289
456378466755
456388751636
456399231158
456401550833
456408380068
456408394638
456411630709
456429706342
456441438986
456460013263
456486072022
456500572583
456507215384
456513164010
456563046571
456601686479
478179769101
478434326070
479678643091
480277172035
480322529708
480785757830
480952106423
481154386156
481914890022
482107425410
482129260464
482168003671
482193657665
482212132647
482284795207
482289547115
482289662030
482300777354
482316828958
482348239180
482356100090
482384568039
482399122745
482408813145
482421926655
482426363271
482855903277
483858167796
483891201570
484163170488
484636190609
484646925796
484649126893
484665680805
484708554742
484717709836
484807296444
484826982335
484939981546
485524091053
485601945231
485625243870
485785626797
485807745499
485915712741
485922305172
485987111084
486003166996
486016529238
486040373074
486165569673
486174504573
486326483275
486336832537
486345166074
486394065861
486416839388
486610359477
486771675393
486984983490
487146102131
487254472485
487449314576
487529227529
487545862537
487728556642
487854074348
488252460610
488296965676
489763101412
489918032189
232238977148
397770566318
399302735049
399314086016
407298261395
414025003067
417080303691
417296552593
420766624485
421017792229
422942563779
430413923212
430971467241
432436811279
447749171576
451519512223
479488007519
482422653741
486688432799
487921438677
487930736146
489616566443
490173715106
418515886444
418681479402
418760930855
418808339480
418822997307
419115586154
419222994934
419232358474
419350461186
419384790672
419388105755
419536505604
419762469701
419802459341
420025679270
