681311078171
681374065705
681666130555
681977737559
682477790389
682582508718
682986688061
683209717940
683490902971
683623695282
683806597549
684180784419
684193697331
685749471900
686816731972
687042406269
687383216503
687449100036
687559294656
687595022756
687844274776
687906187099
687950861563
688326217632
688389325459
688414865615
688453485959
688569673493
688581463515
688594759872
688650697353
688664596703
688704260106
688712495651
688784087600
688807001798
689209138914
689432504272
689711981558
689820967856
690403723783
690494285658
690929837001
691168217753
691250509759
691521066400
691685148141
691781583877
691817881663
691904997543
691984415135
