# 1,922 SKUs the user manually removed from the Sheet (Amazon + eBay tabs,
# multiple data errors) on 2026-09-30 - checking/clearing their OnBuy
# listings if still live. One stray eBay listing URL found mixed into the
# pasted content was excluded (not a SKU).
0810086922895-zzz
671500202470
672243872593
675087616521
676084320558
677748995013
679071400813
421511580681
400572455114
408653446303
0034567438884-zzz-55
5051268475265-99-zzz
134316680813
135008433229
135900770989
136063152261
136341654982
141873126968
143253034009
146934806063
148087050515
148232561699
193264955299
200995194986
201096192239
201926676120
202184842173
203264564879
203789102600
204935175011
205503256941
205736164242
206145477299
206681936403
206703435563
206776861214
207025546760
207101689145
207660542486
229418993326
229547255715
229579107044
229703284603
230151428051
233059559391
233607138191
396918617073
399228385977
666947794565
667925192045
677263869868
707147747941
413997411221
414077066157
414838011419
415164486605
415243788033
415245289873
415454946307
415865250161
416292009407
416587036842
417468961581
417664801551
417921931229
417933541409
418032568595
419189793304
419600608828
367059076715
369228674463
371705886788
372135031243
372242600714
372531242304
372771614176
372787419277
373743975851
373748578491
374149531818
375231872581
377758694349
378917260337
381697633925
382565967791
382682715374
384094971294
385331072194
386116324231
387190044220
389030705865
389344142486
392970447016
395562709653
395955419725
397143313198
398679231369
399757271222
402165546773
404569590130
405942462068
406011326458
406040144405
406047983670
406134537472
406212148590
406293772127
406367703651
406373903007
406380735745
406480684318
406481980785
406511951037
406559173910
406586744725
408327578323
410112320628
410160298351
4567876544567-zzz-34
5051220122381-zzz-28
9092950257888-zzz-18
0506017512074-zzz-99
0609832669319-zzz-25
0696641792949-zzz-53
5057534833470-zzz-86
0810086922895-zzz-26
09787654334567-zzz-
0000073392033-zzz-55
8003340882727-zzz-14
5060651840382-zzz
146428932728
147105484974
5051220014198-zzz-85
5023519188460-zzz
5052327291628-zzz
197029617422-zzz
0501145858902-zzz
191987281954
192326553008
192744084801
192757953361
192811576895
192904863444
193592778188
194075223010
194105835763
194354008604
194416976766
194446843618
197263253967
198504140589
198909543787
200218890213
200518230320
200544026812
200600297842
201323119695
201364148289
201445624480
201752167731
201860313174
201927479607
202581277721
202653232146
203007990354
203010749123
203076708164
203106668116
203141283206
203273610048
203297210224
203424938229
203465907048
203617826807
203723261813
203845708890
203899251830
204175580781
204457085133
204506823389
204794915759
204843944051
204848063788
204956203731
205259969393
205273982354
205374018969
205875238576
205921929922
206305495972
206411002682
206460888015
206626700656
206659849032
206707851666
206721258465
206844816276
206874917929
207006402283
207405555559
207755913108
212058031138
212353021858
213664719380
215218281558
215300497607
215338663128
215384135648
215440874849
215549100818
215640227247
215641459487
215701092609
215742780930
215765850399
215917052183
215925675619
215939519879
215952050663
216163067235
216169533963
216179129934
216214540977
216223459451
216231388507
216253123827
216291645336
216335658711
216388428521
216470918725
216477592218
216508581266
216630539043
216654744256
216678503815
216707236097
216854493657
217314299970
217620915380
217709384861
217756269388
217877324355
217927951951
217973683516
218165472956
218206719002
218319191290
218576999226
218712979204
218956244540
220195817454
220492427332
220598903006
220661117125
220787447052
221119145813
221172363766
221193187020
221365057533
221620823378
221810111186
221941332566
222222080985
222290212219
222386782466
222391463954
222394415073
222400593740
222596057408
223090175339
223717850786
223717850991
224120582561
224310488819
224583414799
224616984336
225105126510
225211493476
228271167967
228300954575
228377509814
228434482661
228449835209
228513536117
228529049526
228531549878
228548858734
228582007020
228597602807
228605093153
228712767459
228740718812
228789536682
228823906846
228832146462
228834188576
228834304761
228835059226
228878389038
228919962411
228922844025
228942766444
228982019456
229939993799
231975269097
232827503369
233764780059
233875106168
237414460629
237435190284
237652395158
237812982938
238265918550
395487386076
395530796906
395665141459
395763135268
395829909093
395847153768
395853744462
395913159090
395940244837
395960835916
395972035397
395975780850
395988216711
395992931488
396056580840
396067229462
396078388677
396181412764
396210932775
396237730828
396278651755
396306843060
396331870666
396354274410
396357580846
396364438529
396409247703
396412863877
396417522922
396568794889
396630506105
396686757032
396741085001
396766913334
396769809764
396792599861
396946613030
397055743519
397156316193
397366289249
397703422582
397743075496
397744231556
397744497327
397745692295
397767682052
397785717422
397787393969
397801165800
397807008781
397884195282
397903748321
398237727488
398460033172
398710617633
398832186369
398946707535
398974372705
399007333908
399047832232
399064378539
399091755662
399144368313
399155516802
399179979324
399236073187
399316566394
399317798367
399346841928
399362672209
399428758083
399535114055
399571487205
399612995560
399672613671
400106704640
400190493635
400197343933
400209041802
400581705583
400632129337
400687456754
400713883707
400776705367
400829721825
401122210658
401269286769
401614939524
401616084352
401642700202
401653842700
401682565557
401712741159
401719685784
402524396216
402560896800
402711958388
403804910542
405096233187
405406495267
405464439005
405505011436
405573058418
405597838836
405766374721
405848408467
405887779863
405928714235
405944676166
405960210603
405983547137
405993852610
406056017625
406147478953
406160018969
406206266200
406341159412
671460255851
674139922665
687596716739
691703930482
698964996226
413662413536
417596114682
424952666822
427144375625
369103483630
370132230164
370622559737
372989289753
373206481882
376319617599
377788448912
377981992052
379426167834
381602375513
382262139613
384728697750
387390816214
388148636436
388647735791
391329493353
391373699343
392853749602
394872868586
398630347818
399791736817
401818424130
402596436070
403129437663
403179245409
403526512567
403774364222
403948305655
403994331158
234567898765-zzz-36
0161234567810-zzz-56
7381457034057-zzz-64
9123213531114-zzz-15
6932594786241-zzz-39
6493810715785-zzz-43
6971681314134-zzz-25
5052337011889-zzz-26
0050036411271-zzz-15
0050036408028-zzz-70
0050036407373-zzz-130
0050036406239-zzz-9
0050036406222-zzz-9
0717686557154-zzz-62
5051219833014-zzz-12
0000542365797-zzz-10
9469042694584-zzz-12
0050036404785-zzz-32
0050036404709-zzz-38
987654567890987-zzz-15
34567876544567-zzz-20
0050036379892-zzz-17
4012345678949-zzz-9
6012345678930-zzz-41
0757510911196-zzz-24
5010724544389-zzz-11
9382197321894-zzz-7
4853347131908-zzz-18
0000014065811-zzz-14
5037331016931-zzz-28
9075782879909-zzz-21
9874678975-zzz-19
0613310364665-zzz-12
0171234567819 -zzz-37
0181234567856-zzz-23
0181234567825-zzz-32
7632472608670-zzz-20
0950165248086-zzz-14
0671929094496-zzz-16
0000031225717-zzz-42
0000086056519-zzz-62
5051216807254-zzz-30
0543568727359-zzz-35
0565123681722-zzz-37
0514287178319-zzz-10
0000063841718-zzz-82
0000090217586-zzz-20
5063131608755-zzz-14
0000045684616-zzz-14
0000037432423-zzz-100
0000037432522-zzz-99
0505121972682-zzz-23
0505121973788-zzz-15
0505132410517-zzz-58
0891619632528-zzz-22
3794657576618-zzz-57
4016659348819-zzz-30
0300000029316-zzz-47
0616985809769-zzz-86
9044945393453-zzz-30
5051794015799-zzz-30
8765435678976-zzz-19
5065014842911-zzz-8
9172664539613-zzz-97
4901391698660-zzz-26
9170372325634-zzz-8
9170372455614-zzz-24
0549835838995-zzz-34
0000080613077-zzz-26
4761238944615-zzz-20
4853205698819-zzz-35
0000055909679-zzz-20
0701160668771-zzz-16
5051217121786-zzz-15
5052775635968-zzz-30
0774196165736-zzz-7
0543022324414-zzz-121
5430245244412-zzz-24
5051349985331-zzz-11
9339159902196-zzz-14
4761048908609-zzz-35
5051224564613-zzz-59
5051224564620-zzz-56
5051220005714-zzz-150
0082192998501-zzz-41
0993434256900-zzz-124
6906140002499-zzz-6
0485252494416-zzz-22
0485222349494 -zzz-60
0985695914613-zzz-50
5054251546331-zzz-70
9362098223718-zzz-41
9130402533590-zzz-18
4851973686335-zzz-26
4851839516486-zzz-18
5060028098552-zzz-310
5022396798427-zzz-16
5051501550315-zzz-20
5092683227626-zzz-9
0705745524216-zzz-40
6901489037768-zzz
4069339712967-zzz
050513478172-zzz
4242002977416-zzz
133770380130
133784955874
134404030421
135683484042
135884828201
136442399560
136741446088
136805900242
137208068492
138172702832
139269303918
139760090768
139885906876
141025923872
141026100883
141078277984
141079085670
141098107896
141153399433
141329923400
141365244361
141374209108
141445281750
141490255805
141842707709
141976470463
142105098329
142259479920
142553122133
142596496468
143120114339
143483768392
143571215012
144091014833
144960150945
144961921377
144971146760
144971469753
144973082349
145154628196
145156095156
145211748720
145230402580
145235872432
145250649699
145260680132
145492705658
145818793116
145857270692
146012809948
146088916656
146246830879
146296236768
146604519088
148216379074
148260135923
148371893330
148833696950
0000090347955-zzz-44
4762446934108-zzz-55
6901508415867-zzz-40
0000030966567-zzz-75
0783495607472-zzz-35
0000002386393-zzz-29
5906148765199-zzz-33
5011204608461-zzz-64
5036798885227-zzz
0123565678528-zzz
0000047634114-zzz
9381346930727-zzz
191996220906
192090523054
192345339478
192423130355
192449031209
192480694555
192497283872
192536006165
192546045833
192589451295
192595937691
192627458910
192637389488
192672822025
192695045074
192701450205
192714888323
192722397862
192725545314
192727785732
192731162185
192753080535
192760172599
192816296354
192826752277
193018358949
193215502756
193462809547
193547994571
193668972694
193762501509
193877282058
193938956430
193981921959
194038590340
194066204608
194082164771
194162719969
194267159677
194283035535
194288382436
194513074839
194552272784
194591120435
194614307850
194676092619
194702469941
194901597926
194970615941
195104362762
195195008747
195341463659
195346599377
195497415939
195503581979
195565295210
195645053082
195670490319
195720160087
195725340521
195964958747
196195697764
196233349150
196376329958
196434086724
196541296467
196605806748
196627636682
196681866179
196691789147
196721375388
196746590315
196761756994
196771444010
196786996139
196864789233
196915797651
196927880051
196935437759
196942906385
196975845101
197024540442
197032570783
197050568403
197060626896
197121249088
197194115921
197238768533
197321009536
197327740976
197369278642
197467597027
197522040635
197535201436
197593229991
197605802471
198005536232
198045367476
198085132072
198209802027
198323827302
198436301423
198562442748
198597599141
198651947727
198675557513
198834286971
198981398992
199027024011
199253879553
199273068098
199324694610
199365837878
199436101488
199481175762
199516727126
199563343188
199569205374
199579942696
199648847990
199716134540
199723328185
199724807023
199737853024
199747409723
199795464330
199873053883
199915432256
199930513367
199981862896
200093054663
200094675065
200140458017
200161442422
200174289250
200184577385
200194530431
200199086926
200204890654
200219167024
200228859637
200232143166
200340976458
200359178669
200375464210
200379938359
200388965919
200396713861
200413559861
200425976656
200454095236
200466437772
200468673550
200480271406
200481820597
200504906475
200555772265
200634945108
200759194672
200809359006
200870315086
201047080592
201095618792
201271099889
201300093550
201494526162
201729731460
201740074690
202055291789
202140573561
204424980980
204653331386
205252872461
206262069063
206457482790
206464230001
206840147206
206897756130
207355079457
207390961304
207466266791
207553507431
208272083107
208824699701
208827945751
208849017474
208874353943
208915697401
208931328907
208943713951
208971843941
208981283300
209027272678
209031638026
209043330734
209052941426
209068797611
209087669814
209104675422
209131780861
209211589445
209255847327
209303025196
209340904324
209343430684
209404293944
209580559971
209600329423
209605554752
209617476424
209618882354
209656804257
209693651197
209767837861
209772842638
209804980574
209815635340
209843291914
209887874586
209921900967
209935441142
209937665911
209961608717
209975158185
210010023955
210011624410
210030278687
210051095744
210066650280
210128649757
210147221798
210150883099
210161753237
210164495912
210177616366
210198747971
210199287513
210206804252
210221397531
210247990518
210274239987
210304055785
210307645358
210316344730
210325726862
210331283939
210367527571
210381401635
210394397888
210406444890
210416995252
210450862923
210468293603
210469916679
210489800378
210519259237
210533425663
210566731755
210608460087
210626679157
210639081558
210643953520
210692285832
210748791829
210755714859
210765014819
210843928731
210847404071
210861411284
210869729879
210907545263
210907803752
211019617091
211079090919
211128699506
211188482216
211256868638
211371081943
211474937857
211598124515
211724956843
211728639940
211747093228
211848878588
211853963293
211875011491
211883992195
211887611573
211909509826
211941049212
211997664643
212835555956
212865200604
212892083942
212899504921
212915395182
212953784870
212970600658
213011801195
213024430719
213110213158
213192346966
213194361233
213271173384
213401034196
213427172834
213436555031
213492653511
213504386635
213542137268
213547026635
213551764141
213573500475
213590965639
213611959722
213638250123
213657631842
213695603221
213695923282
213702234059
213772346171
213870165186
213934882745
213989177278
214170890273
214183052699
214192495869
214204643493
214231212396
214237428104
214262805567
214274095239
214293531534
214303447404
214357133957
214411719172
214435312250
214466872747
214482884366
214486606575
214488448234
214488556076
214492844282
214498845498
214584537481
214591614779
214622809273
214642547223
214642954731
214664202414
214680612624
214697021426
214709625642
214723959396
214729625158
214738977019
214758249523
214769451748
214797887854
214810192446
214827215244
214827243476
214849044822
214861408220
214875114940
214924189257
214950293928
214958290073
214964974998
214990323784
214992176098
215007446496
215013951120
215029838880
215039369091
215053672689
215056074138
215056233511
215056967843
215066710033
215073789688
215107064170
215109255910
215142380662
215143721266
215144639973
215201527441
215210764257
215237436335
215335606562
215384204702
215386652761
215430743407
215470241079
215553381418
215643986653
215661429637
215665754971
215671182447
215707914776
215712158325
215781226840
215788815238
215850536740
215891895011
215917145298
216006737745
216077703977
216086090440
216146474531
216501884371
216614899873
216798094453
217008005238
217016313127
217102963564
217144915002
217368917943
217451968135
217544222311
217656354962
217672685217
217750942294
217828583923
217839252627
217883124680
217961306519
218027167310
218094476179
218136018404
218230105307
218263413929
218276202169
218442352292
218466882188
218615083381
218642072488
218654847197
218658265782
218777841669
218844034871
219576366711
220342029532
220967440866
221089410263
221113450968
221271232437
221287154792
221339756509
221360531618
221387754281
221482319576
221505496215
221530517695
221557268204
221565899391
221571965233
221592818570
221639520138
221669656098
221748759047
221758359398
221798547977
221861771353
221865268019
221871182583
221931654647
221939910912
221961692893
221981554539
222010124495
222124157242
222156401245
222175950014
222183253732
222188387845
222197799004
222205138337
222220908656
222258701960
222282303727
222304929461
222380348071
222381352480
222407853267
222426710701
222448239464
222465779974
222483217939
222495168038
222501606332
222543893264
222545478032
222554902269
222560413582
222562157316
222565383934
222567848059
222634867211
222637327064
222642117452
222646622846
222671128528
222692222021
222705473518
222733543337
222739591707
222777242470
222778032858
222785653817
222891742009
222893237756
222907342308
222917880623
222926571987
222929258847
222932309888
222940584253
222959781841
222972296179
222975454002
222979289853
222980754289
223001146687
223018187550
223029208961
223066884807
223081098616
223092486792
223098766829
223135554495
223138592906
223157032360
223184635138
223199154402
223225349376
223260648564
223275130399
223301490510
223303827215
223306271268
223340039398
223363050981
223438854223
223443198497
223470829623
223485675635
223491028807
223510085088
223514241770
223517903507
223563792735
223569740938
223588253631
223632747284
223642055249
223664927456
226233597593
226237127666
226237842712
226267711644
226318531764
226322131011
226331521308
226345639563
226383040253
226411151432
226460675842
226461820623
226472396896
226489141618
226514827784
226518508092
226533880388
226540723388
226550500832
226552451903
226554864299
226557120613
226576348272
226579718430
226596890881
226601873045
226629539572
226634135776
226665738335
226674105272
226705505316
226709513041
226747647746
226748475591
226750124487
226774240958
226799929173
226818003983
226819129293
226823265178
226823670477
226826825638
226837833882
226849349319
226976801520
226994702526
226999043402
227009720573
227011891056
227083314699
227097586969
227115484246
227131590235
227145532962
227159228998
227186861861
227211185016
227248431490
227267257811
227289246862
227297678792
227302304012
227336280665
227344192516
227346473316
227353772341
227358090860
227369484146
227425601340
227427387631
227472340780
227472655853
227486752463
227495414895
227503465130
227517807636
227532809851
227536236868
227543098459
227550352193
227554366059
227582651301
227584535807
227591610702
227614203645
227623324348
227629355919
227639905425
227642721234
227647400677
227654888611
227664595264
227673574427
227689271631
227696537409
227701068836
227703673311
227714075531
227731813215
227739090298
227759201469
227784848158
227806993835
227829685298
227839509423
227908555016
227934963793
227935344522
227947154973
227951370796
227960287870
227970924567
227977163341
227988877862
227989900002
228004573614
228026812647
228046437325
228057631316
228069634732
228092412123
228107037396
228130017693
228284288611
228454030514
228591246632
228639510794
228843897643
228996873990
229036171052
229047758853
229049562311
229055314317
230644168747
230811293951
230822971206
230864300514
230902635325
230909900044
230922157692
230958267327
230965362411
231002672876
231261660072
231512256313
231556315434
235272836082
235306313282
235466290881
235484724016
235538222062
235567953937
235579504813
235693352543
235708181533
235752278791
235797823178
236112894927
236116641121
236232321839
236302437439
236317846264
236334215340
236335048404
236407843470
236412049102
236506374189
236569974098
236593119021
236652931014
236707435702
236727769030
236751948555
236755374565
236821774992
236840938047
236856013523
236972872523
236987520532
236996177086
237011366621
237029766314
237083988653
237107252890
237218165799
237253548946
237284943079
237302567386
237480843661
396419102665
396458222522
396825238194
396919168031
397322795302
398207185782
400384827758
400720208357
400725142380
400891894731
400902619155
400927284970
401054824633
401108889441
401123925315
401132997549
401163607707
401485661760
401554898301
401608248229
402299481674
402705942089
402729692335
402814217825
402824857998
685403056696
685931574044
685959096221
686188780127
687006268605
687575811417
687582796998
687637016620
688249138601
688310933838
688515818770
700269559010
701346992720
701361365738
701665111604
410402197992
410436762548
410439320028
410609570147
410612464938
410653388965
410798071760
411019853516
411235525532
412264601297
691479641773
147836308808
193462879793
193479811847
193496998415
193507951637
193537140766
193575834436
193611286786
193633180369
193657039209
193657753990
193676918219
193698553788
193819083071
193857419894
193866226711
193886082830
193887547543
193893286108
193897485835
193901357004
193984816030
193991798169
194003570919
194016752647
194046678634
194050921382
194106355635
194109311034
194121853710
194202613172
194214122754
194265404809
194273056083
194280704489
194283305348
194292486854
194301259530
194350753201
194404295602
194424393616
194456305939
194465389203
194469819119
194491066154
194493251060
194504954041
194505938538
194509088154
194511088029
210757038243
210831452088
211110626596
211156712871
211198662769
211354666778
211423209363
211457299774
211505724210
211558994967
211679096380
213039915720
213104504316
213191132331
213227916454
213308979484
213352129170
213362311947
213366913017
213394893862
213603343010
213661457278
213695420620
213765451233
213813996068
213838401837
213872293269
213917968657
213918416102
213992035664
214012469674
214040849288
214047456465
214080476208
214116683822
214146787187
214153025821
235282673271
237308542530
238140009557
395229458474
397343731433
397391504980
143660558150
223673048692
223695913503
223704854780
223710048456
223715203782
223733923679
223770600229
223773827258
223775647793
223824540150
223825440749
223861322733
223875884142
223895332050
223918800146
223919346162
223929268485
223947054817
223996130449
223999029917
224020255794
224023744639
224037366971
224044003463
224051879822
224086200141
224096328996
224112548032
224114519665
224199856709
224209105957
224233311881
224241795208
224243663536
224246599962
224286756905
224288776185
224341398378
224373310614
224382345928
224385007830
224395449477
224437984607
224493318743
224513634921
224514190549
224515670439
224522740408
224524411177
224547957423
224575479089
224602947864
224606492346
224624191085
224628254878
224673365369
224682619576
224725123398
224762338601
224768897775
224783574972
224806945765
224835290768
224853957520
224864471862
224878927584
224910030340
224918348454
224926165142
224971590791
224999113361
225006449206
225030538563
225060300796
225082103467
225107619782
225155378907
225159140708
225174389441
225194197996
225200822751
225201391690
225204635296
225226547782
225246376157
225292096184
225294675578
225305881806
225352054550
225371022455
225373742696
225378448357
225380482417
225398340761
225402632837
225405854694
225410123594
225457870451
225477244003
225480718973
225482156377
225542615974
225548490902
225552170555
225558200553
225567081648
225571562966
225586434456
225600135772
225606244768
225613155606
225616522924
225676383923
225681262855
225691041389
225713216245
225715945723
225719789576
225771303758
225787535259
225806108327
225807344458
225816439749
225938949065
225954578157
225981534508
225983758834
225991724807
226015470724
226044967981
226074417630
226103698504
226122552931
226180934106
226187752468
226200888556
226201033726
325737232129
693341518718
701447378294
0000085295681-zzz-30
0050036407762-zzz-160
0050036407748-zzz-84
0050036407731-zzz-134
0050036407694-zzz-75
0050036407168-zzz-210
0194644124830-zzz-23
5013384625931-zzz-22
3499257528752-zzz-32
5014286186667-zzz-10
8804756309828-zzz-40
0000031225700-zzz-25
5044386373599-zzz-7
0000088248813-zzz-26
0714131847037-zzz-15
5060175120731-zzz-10
5060726550031-zzz-30
987654367876-zzz-30
6900778661561-zzz-40
0081661736187-zzz-99
0000055581004-zzz-23
0000043325917-zzz-104
0000015360809-zzz-70
6242021070332-zzz-45
6242021271319-zzz-70
0000037409036-zzz-40
3316256715528-zzz-75
6265737992507-zzz-70
8092483797326-zzz-28
5051219169113-zzz-83
0754449877180-zzz-48
5051219259074-zzz-37
0000060818621-zzz-150
6940447105125 -zzz-210
0000346865516-zzz-40
0000095970325-zzz-80
0505228503727-zzz-25
5051224334681-zzz-55
9414569121716-zzz-32
329735159693
8752353976885-zzz-30
0000082961428-zzz-29
5051245265117-zzz-100
0703735524284-zzz-38
0757517997841-zzz-62
5003399446768-zzz
5001227082096-zzz
0000048341240-zzz
0000085200746-zzz
8672477015218-zzz
0000016984929-zzz
0005233641228-zzz-27
6265737993221-zzz-99
5051219256752-zzz-70
5051219998805-zzz-130
5003645212192-zzz-270
6940447104975-zzz
0780745497586-zzz
5007000750954-zzz
435601608698
439228289575
23456787654335-zzz-123
6975322085254-hhh-32
5051219615382-hhh-60
0321148290123-hhh-40
5051217123131-hhh-27
0123459876818-hhh-21
6973553523798 -hhh-75
6942263296667-hhh-70
12345678987-hhh-16
257466563772
257609323119
258678176941
262201539240
262629578227
325928531819
694239128002
694995935494
696189571426
697689927706
700245241946
326284420236
700282799240
700293102251
700689742030
700861757753
701489105674
326608581827
326652345819
326782319933
326863688125
326910224757
326920586098
326938069019
327392074557
5051340108012-zzz
8000000187352-zzz-28
5051220108439-zzz-57
0050036407663-zzz-134
0050036407632-zzz-134
0050036407564-zzz-80
5051216837633-ahm-17
5060822480133-zzz-22
9012345678999-zzz-56
6000000463878-zzz-12
0000015168030-zzz-150
0000074005635-zzz-99
0000080100508-zzz-50
0048518789468-zzz-52
0524262541113-zzz-140
0123459766591-zzz-77
7892446157126-zzz-49
0000085019744-zzz-70
0726989929308-zzz-22
5014286108959-zzz-53
5051217120956-zzz-72
0000097809371-zzz-104
4027137280330-zzz-80
9102675008327-zzz.120
8707785222116-zzz-33
5051222486412-zzz-60
328313391203
328478221841
329186505308
329716031109
330115534368
331069033136
331522594860
331575692810
331600512342
331615902466
331753056014
331863272229
332926978010
333132459683
333397131942
334816161120
334854747386
335172837483
335405507411
335451613906
335475457753
335498054236
336156078014
336198843045
336207454576
336277568371
336599608083
336678569847
0000023904989-zzz-35
8000002250634-zzz-60
5051222593387-zzz
0000019840574-zzz
5051219323867-zzz
5008408085914-zzz
3722887785555-zzz
4048834148549-hhh-60
3216347281508-zzz
0000015445674-zzz
5467294604713-zzz
5467294634727-zzz
0602309502584-zzz
0505459250216-zzz
0613313456817-zzz
6924843229456-zzz
105225602623
105390375681
105472127696
105478577860
106059681884
106196452996
106221380898
107208386469
107259973014
107469074594
107624351102
107637178154
107664983486
107689485088
107720571480
107965231378
108008216369
165581883210
0053436412213-zzz-22
3081462183057-zzz-29
5051222496633-zzz-117
6265737993115-zzz-87
0000017447560-zzz-26
0999490780465-zzz
4852641426826-zzz
5006984149266-zzz
5006306184593-zzz
5004573794613-zzz
5007164243309-zzz
8806096542590-zzz
5009746974243-zzz
5008808127436-zzz
5485932880961-zzz
5001687002887-zzz
435485840122
436968257208
437205411520
437505066826
438281214067
5051218791803-sa
0001234456793
1234556789839-AMM
5011145463266-hhh-30
5051216833604-hhh-82
5051219276309-hhh-48
5051219276347-hhh-50
255400170307
256470205067
256714789520
257111557507
258713294241
258956264841
259904772197
260442407359
260825924763
261980296009
262122512636
263448107179
265167106846
265801567705
265808130094
265811301030
266649949197
700749523463
330345852782
330395346996
5052239285012-zzz
1234569879251-zzz
1234569877738-zzz
106617232053
1234569877813-zzz
5001665361081-zzz
435401961498
260937443541
267247885801
261412323235
261450010685
261475360345
261543493333
261543860159
261558072783
261558593042
261577504210
261594794519
